.Random.seed <-
c(403L, 10L, -1443074186L, -1377210208L, 161851747L, -671167999L, 
1675344240L, -765908722L, 1365785465L, 287240971L, -559416262L, 
485399356L, -1742385025L, -2024098859L, -1608868372L, 1335045954L, 
-2080796515L, -948139753L, 1812594814L, 452712504L, -492441829L, 
-2016838535L, -1010113336L, -524991242L, -1420470991L, -400603805L, 
1296533298L, -1716170620L, -402707257L, 348389277L, 1339362068L, 
-1460151878L, -1266077691L, -313432609L, 1939945574L, -789886992L, 
-98545389L, 1541164721L, -1276909216L, -1008107778L, 210098825L, 
-1527401029L, 584912778L, 741193324L, -829339665L, 707002405L, 
494637276L, 588986034L, -268437075L, -1800958617L, -1919386994L, 
-137829528L, 1713617771L, 1708221705L, -1337566312L, 370645702L, 
-531365855L, -1878768461L, 1831286306L, -1029109740L, 826748055L, 
-1431026035L, -1894881372L, -1298523766L, 452470261L, 717232207L, 
1814302550L, 1291494912L, 525023043L, -1321046303L, 1125755984L, 
1891611822L, 805646425L, 1642737771L, -1835563558L, 1419194012L, 
93864095L, -1774724363L, 1958324108L, -882760094L, -1665533379L, 
1406608567L, -564012194L, -1027391848L, 832388603L, -2034491495L, 
-571959256L, 687849686L, -1351563951L, -777079805L, 959413138L, 
-374318812L, -829956121L, -588037059L, -485715276L, -1878908646L, 
-1858743707L, -1854474497L, 617350L, 180694288L, 1121322419L, 
-1517668783L, 693827072L, 1539560158L, 1222754601L, -381588261L, 
-1295148054L, -414291060L, -68277041L, 1055200389L, 1874861884L, 
-2123637230L, -418923251L, 1270122055L, 586824750L, -635821688L, 
-577144693L, -1938107799L, 129289784L, -539932954L, -886103423L, 
-19624429L, 1858255298L, 1601630836L, -1316465545L, 793427309L, 
1123213828L, 1721041194L, -1248184683L, 887135535L, -873650122L, 
1323170912L, 1306636963L, -4905535L, -1010486864L, 513470670L, 
495414841L, 171839563L, 736944634L, 816733436L, 1935618367L, 
1819151893L, 26250540L, -1704313342L, -1008425763L, -428638249L, 
1332370110L, 2030886136L, 63914715L, -1096664775L, -1941046136L, 
-1597518794L, -1928521615L, 1227090595L, 133435378L, 2046911300L, 
-1197216761L, 531712477L, 1466332884L, -846325254L, 1273345349L, 
1640358303L, 1952039718L, 1219648432L, 1756710995L, -1379744911L, 
-1308372320L, 1576060478L, -2043318967L, 1532359675L, 217397194L, 
-1293670100L, -1196907217L, 847227877L, -1155386724L, 74200818L, 
1317103469L, 339095719L, 1909691086L, -307863512L, 1868553259L, 
-1841779127L, 803948376L, 454185478L, 1651882977L, -859104909L, 
-594617886L, 1821334868L, 1461982295L, -1667737523L, 1956010980L, 
1484069322L, -527507403L, -1088258417L, -1728557162L, 610997056L, 
-1819386365L, -1919482847L, -542906608L, 1241193710L, -1927478119L, 
106697003L, -176330726L, 2129093340L, -1400028449L, -732169035L, 
-272819636L, 1079256738L, -1407824387L, -689199369L, -158437346L, 
-213622056L, -2127608261L, -1335282727L, 636256616L, -1130620778L, 
1425593873L, -257216573L, -668126254L, -262410652L, 1111842215L, 
2017579773L, -1578948876L, 1746432474L, 232412453L, -1089883073L, 
-133856314L, -1063186352L, -2009310093L, 281776288L, -1252641092L, 
-579106352L, -580033694L, -605510936L, -577019700L, -1904909828L, 
936587762L, 252414592L, 210050548L, 597096072L, -1589379270L, 
1628148560L, 373238892L, 350536084L, -2102873006L, -632020512L, 
68156620L, 804824224L, -1513384574L, 1458587880L, -1943210260L, 
90510652L, -440841102L, -248305552L, -399998940L, 1903143992L, 
867389210L, -1469674288L, -1675305156L, 1733724052L, -1919995006L, 
-1738315328L, -880247236L, 286803344L, 376741410L, 967976200L, 
-2057515380L, -596934884L, -1788092270L, -1600915072L, 60335636L, 
1641398056L, 1223916090L, -710115888L, 644770156L, 1112359860L, 
-1561675758L, 141522400L, -1024268340L, -1451425568L, 689944610L, 
155427112L, 936140300L, 1939367740L, -1503894542L, -1845937424L, 
-1306014140L, -2131148200L, -344756422L, 626484720L, -2087545156L, 
-1046021868L, 70402754L, -200010656L, 201106300L, -170510384L, 
-1470308062L, -526902616L, 1804524428L, -783206212L, 775868210L, 
1988086336L, 1845451956L, -469269944L, -500243014L, -770924016L, 
-385862932L, 1569907028L, 472408338L, 1290816928L, -193494324L, 
-1878352288L, -1206028350L, 84412200L, 700706732L, 225264444L, 
-874976910L, -1327539408L, -277885660L, 939715384L, -722174246L, 
1017825168L, -239776004L, 1212427156L, -2106359742L, -534416128L, 
123110460L, -1814101680L, -699739998L, -730595000L, 807556876L, 
-1931697444L, -1682133678L, 307610752L, -2084585388L, 1711149032L, 
1020233978L, -195531952L, -1376387284L, 1568786804L, 910355346L, 
-1270069152L, -901091956L, 1958533984L, -46376478L, -2002603096L, 
-877153076L, 1354866684L, -262658638L, -1053321744L, 428526532L, 
1209582936L, 1513511290L, -883653712L, 1755228604L, 334043220L, 
1338193858L, 80703520L, 1478875324L, -1214664112L, -1242631198L, 
1363198056L, 1944781900L, -425543428L, 1486523378L, -678016768L, 
789766516L, -1759761400L, 926523322L, -240340528L, -1405109268L, 
2061189524L, -1756507694L, -630296224L, 502558540L, -1254360800L, 
-98009214L, 977825512L, -607141652L, 787936316L, 1678048114L, 
-386048400L, 55694372L, 1475996472L, 1959095450L, -649874736L, 
-1631641412L, -982225260L, 2057115266L, -860477248L, 162341692L, 
-966566768L, -1032217054L, 1897041928L, 931036428L, 1371712668L, 
922779154L, -1285685376L, -3043820L, 1426893352L, 26457402L, 
313493968L, 601388140L, -489649868L, 886191762L, -641365152L, 
-1606446260L, -1622108192L, -335530078L, -68368472L, 836316556L, 
-1568397124L, -1709536910L, 1067922672L, 1892044868L, -417996456L, 
-308238790L, -1550304400L, 2082551868L, 109641492L, -1835850302L, 
1913060064L, 1000257404L, 1069645520L, -1858307934L, 562236456L, 
169395468L, 494028732L, 96504114L, 474859968L, 2016348724L, 825375688L, 
-227559238L, 904653200L, 1051881964L, 1563304532L, -551956334L, 
1377185568L, -362518068L, 309007840L, -93014334L, -496712664L, 
-742305108L, -113048388L, -2102195726L, 1012764976L, -737487708L, 
-1266014536L, 1280752986L, 805139856L, 582488956L, -557479660L, 
-852401342L, 285203200L, -37242948L, 412327760L, 1060348691L, 
340458292L, -312026814L, 289881431L, -101902175L, 1204236646L, 
-711695516L, -1405924715L, 2104986559L, -1357799592L, 864105846L, 
598906755L, 243166661L, -1295453470L, 1485978448L, 1533462137L, 
-1605293653L, -1564917988L, 93440074L, 18693183L, 2104925321L, 
1560656030L, 2125485388L, 46904605L, -160935769L, 1931059152L, 
1412323182L, -1068212709L, -962730115L, 1247178090L, 2114454536L, 
880659633L, -1240536285L, 314218532L, 721378002L, -594522329L, 
783208817L, 1934006198L, -847246508L, 249075173L, -543379473L, 
-2020946136L, 1688287110L, -1072987213L, -1881742571L, -1302266510L, 
1623687616L, 1284739625L, 232019611L, 551157612L, -85530758L, 
-1239269201L, 1021983673L, -553660978L, 819558684L, 949513357L, 
-1247272713L, 1717849088L, -1449284002L, 1135120683L, 357724717L, 
1421701786L, -395325864L, -1207512639L, -1228702093L, -234751084L, 
-1136954846L, 886316343L, -1728685055L, -1576517370L, -1258126012L, 
-493172619L, 776309215L, -348007112L, -80795882L, 309749539L, 
-2013203227L, 1665765634L, 299205488L, -1838564583L, 133929739L, 
1685301244L, -391502806L, 492906591L, 201621481L, -384556802L, 
476942572L, 1860924477L, -627374073L, 1379931120L, 439869326L, 
16956859L, 1003166621L, 355148106L, 316074344L, 622059345L, -1641767869L, 
-134412988L, -1056651790L, 1222168519L, -168709743L, -1144503018L, 
-933659276L, 159628293L, 1646070863L, 1073553480L, 1453200870L, 
-91051245L, -1217442699L, 1941010002L, 756617376L, -1476367991L, 
-1181783621L, 479716876L, 161431450L, 158197519L, -325460647L, 
1704204270L, 557973116L, 1662060269L, -541675113L, -1607984544L, 
2026246206L, -879494901L, -2042020979L, -890062662L, 508444408L, 
-2068368223L, 1383493715L, -692888716L, -1832441598L, 957467031L, 
581956449L, -2049972314L, -11574876L, -1320503211L, -2012173057L, 
-928419432L, -1185232202L, -519224509L, -2136228219L, 1492423458L, 
380659728L, 1646957497L, -1379699605L, -416987300L, -1343578486L, 
549284479L, 1904874441L, 184455262L, 165491468L, -1554531619L, 
